1711954573263 0.9964866719 0.0837426216 -0.0012190563 0.0000000000 -0.0836952831 0.9962455666 0.0221330228 0.0000000000 0.0030679568 -0.0219532329 0.9997542914 0.0000000000
1711954573268 0.9964625581 0.0840291597 -0.0012126903 -0.0000010354 -0.0839818905 0.9962214392 0.0221333725 0.0000023669 0.0030679568 -0.0219532329 0.9997542914 0.0000001262
1711954573278 0.9964383619 0.0843158061 -0.0011982405 -0.0000088246 -0.0842684910 0.9961951028 0.0222292295 0.0000147923 0.0030679568 -0.0220490831 0.9997521821 -0.0000029067
1711954573278 0.9964221853 0.0845068225 -0.0011939781 -0.0000088246 -0.0844595541 0.9961789171 0.0222294588 0.0000147923 0.0030679568 -0.0220490831 0.9997521821 -0.0000029067
1711954573283 0.9963978517 0.0847933414 -0.0011875844 -0.0000135026 -0.0847461430 0.9961545699 0.0222298013 0.0000235004 0.0030679568 -0.0220490831 0.9997521821 -0.0000040599
1711954573293 0.9963734357 0.0850798533 -0.0011811906 -0.0000251142 -0.0850327248 0.9961301403 0.0222301420 0.0000498108 0.0030679568 -0.0220490831 0.9997521821 -0.0000072811
1711954573293 0.9963489372 0.0853663581 -0.0011747967 -0.0000251142 -0.0853192996 0.9961056284 0.0222304808 0.0000498108 0.0030679568 -0.0220490831 0.9997521821 -0.0000072811
1711954573298 0.9963243564 0.0856528559 -0.0011684027 -0.0000318978 -0.0856058673 0.9960810340 0.0222308178 0.0000659432 0.0030679568 -0.0220490831 0.9997521821 -0.0000092573
1711954573308 0.9963079233 0.0858438504 -0.0011641399 -0.0000478021 -0.0857969086 0.9960645919 0.0222310414 0.0001062678 0.0030679568 -0.0220490831 0.9997521821 -0.0000088409
1711954573308 0.9962832051 0.0861303364 -0.0011577458 -0.0000478021 -0.0860834645 0.9960398602 0.0222313753 0.0001062678 0.0030679568 -0.0220490831 0.9997521821 -0.0000088409
1711954573313 0.9962584045 0.0864169252 -0.0011430664 -0.0000566921 -0.0863700133 0.9960129101 0.0223271990 0.0001284839 0.0030679568 -0.0221449330 0.9997500636 -0.0000082595
1711954573323 0.9962335214 0.0867033962 -0.0011366446 -0.0000791753 -0.0866565550 0.9959880135 0.0223275269 0.0001812365 0.0030679568 -0.0221449330 0.9997500636 -0.0000046495
1711954573323 0.9962168869 0.0868943729 -0.0011323633 -0.0000791753 -0.0868475787 0.9959713700 0.0223277444 0.0001812365 0.0030679568 -0.0221449330 0.9997500636 -0.0000046495
1711954573328 0.9961921549 0.0871787170 -0.0010304560 -0.0000914502 -0.0871341337 0.9959465211 0.0223197173 0.0002109272 0.0029720834 -0.0221449394 0.9997503530 -0.0000056106
1711954573338 0.9961670520 0.0874651689 -0.0010240363 -0.0001216056 -0.0874206562 0.9959214055 0.0223200128 0.0002783918 0.0029720834 -0.0221449394 0.9997503530 0.0000020985
1711954573338 0.9961505503 0.0876540179 -0.0009242752 -0.0001216056 -0.0876116918 0.9959048019 0.0223118111 0.0002783918 0.0028762100 -0.0221449456 0.9997506333 0.0000020985
1711954573343 0.9961253101 0.0879404578 -0.0009178578 -0.0001378088 -0.0878982024 0.9958795496 0.0223120761 0.0003141802 0.0028762100 -0.0221449456 0.9997506333 0.0000056082
1711954573353 0.9961002576 0.0882247755 -0.0008159639 -0.0001778165 -0.0881847296 0.9958544021 0.0223038866 0.0003903512 0.0027803366 -0.0221449516 0.9997509044 0.0000084555
1711954573353 0.9960838428 0.0884113763 -0.0006376900 -0.0001778165 -0.0883757733 0.9958420973 0.0220961510 0.0003903512 0.0025885897 -0.0219532627 0.9997556469 0.0000084555
1711954573358 0.9960673547 0.0885981321 -0.0004425057 -0.0002012170 -0.0885668107 0.9958254992 0.0220792945 0.0004307540 0.0023968427 -0.0219532732 0.9997561247 0.0000143135
1711954573368 0.9960509994 0.0887827733 -0.0001603675 -0.0002415698 -0.0887578601 0.9958111626 0.0219583844 0.0005210891 0.0021092220 -0.0218574368 0.9997588727 0.0000318013
1711954573368 0.9960343465 0.0889695445 0.0000262546 -0.0002415698 -0.0889488832 0.9957965923 0.0218458924 0.0005210891 0.0019174748 -0.0217615945 0.9997613497 0.0000318013
1711954573373 0.9960174510 0.0891584064 0.0001259129 -0.0002636072 -0.0891398848 0.9957797002 0.0218373428 0.0005692963 0.0018216012 -0.0217615984 0.9997615289 0.0000424520
1711954573383 0.9959917713 0.0894448103 0.0001321938 -0.0003233533 -0.0894263570 0.9957540152 0.0218373057 0.0006771484 0.0018216012 -0.0217615984 0.9997615289 0.0000704402
1711954573383 0.9959746057 0.0896357286 0.0001449747 -0.0003233533 -0.0896173344 0.9957347479 0.0219327449 0.0006771484 0.0018216012 -0.0218574492 0.9997594379 0.0000704402
1711954573388 0.9959489580 0.0899200324 0.0002467457 -0.0003535540 -0.0899038096 0.9957091139 0.0219240849 0.0007334735 0.0017257275 -0.0218574529 0.9997596079 0.0000842014
1711954573398 0.9959317008 0.0901109556 0.0002509495 -0.0004167802 -0.0900947788 0.9956918537 0.0219240372 0.0008549069 0.0017257275 -0.0218574529 0.9997596079 0.0001112889
1711954573398 0.9959055771 0.0903994211 0.0001617969 -0.0004167802 -0.0903812109 0.9956657052 0.0219326272 0.0008549069 0.0018216012 -0.0218574492 0.9997594379 0.0001112889
1711954573403 0.9958795403 0.0906857921 0.0001681052 -0.0004496954 -0.0906676509 0.9956396632 0.0219325798 0.0009181249 0.0018216012 -0.0218574492 0.9997594379 0.0001251959
1711954573413 0.9958621367 0.0908766851 0.0001810234 -0.0005193821 -0.0908586068 0.9956201488 0.0220280011 0.0010535248 0.0018216012 -0.0219532998 0.9997573378 0.0001520936
1711954573413 0.9958359626 0.0911630430 0.0001873591 -0.0005193821 -0.0911450343 0.9955939696 0.0220279482 0.0010535248 0.0018216012 -0.0219532998 0.9997573378 0.0001520936
1711954573418 0.9958184675 0.0913539252 0.0002003414 -0.0005557927 -0.0913359818 0.9955743545 0.0221233614 0.0011234356 0.0018216012 -0.0220491503 0.9997552284 0.0001657932
1711954573427 0.9957921561 0.0916402699 0.0002067045 -0.0006249348 -0.0916223967 0.9955480380 0.0221233029 0.0012555348 0.0018216012 -0.0220491503 0.9997552284 0.0001916721
1711954573428 0.9957745694 0.0918311622 0.0002109466 -0.0006326738 -0.0918133357 0.9955304479 0.0221232629 0.0012703148 0.0018216012 -0.0220491503 0.9997552284 0.0001945573
1711954573432 0.9957481208 0.0921174943 0.0002173097 -0.0006641675 -0.0920997380 0.9955039941 0.0221232013 0.0013308744 0.0018216012 -0.0220491503 0.9997552284 0.0002057982
1711954573442 0.9957304426 0.0923083781 0.0002215518 -0.0007466920 -0.0922906686 0.9954863125 0.0221231592 0.0014918230 0.0018216012 -0.0220491503 0.9997552284 0.0002334514
1711954573443 0.9957127277 0.0924992585 0.0002257938 -0.0007549871 -0.0924815959 0.9954685943 0.0221231163 0.0015080142 0.0018216012 -0.0220491503 0.9997552284 0.0002362266
1711954573447 0.9956860869 0.0927855727 0.0002321569 -0.0007888494 -0.0927679803 0.9954419483 0.0221230504 0.0015743191 0.0018216012 -0.0220491503 0.9997552284 0.0002474849
1711954573457 0.9956593636 0.0930718560 0.0002474431 -0.0008777554 -0.0930543571 0.9954130944 0.0222184169 0.0017498042 0.0018216012 -0.0221450005 0.9997531099 0.0002766149
1711954573458 0.9956415024 0.0932627223 0.0002517034 -0.0008866742 -0.0932452707 0.9953952298 0.0222183690 0.0017674485 0.0018216012 -0.0221450005 0.9997531099 0.0002795329
1711954573463 0.9956236045 0.0934535853 0.0002559638 -0.0009322330 -0.0934361808 0.9953773286 0.0222183204 0.0018578491 0.0018216012 -0.0221450005 0.9997531099 0.0002942553
1711954573472 0.9955966891 0.0937398732 0.0002623542 -0.0010181353 -0.0937225396 0.9953504082 0.0222182458 0.0020276868 0.0018216012 -0.0221450005 0.9997531099 0.0003204069
1711954573473 0.9955788690 0.0939286138 0.0003620410 -0.0010277263 -0.0939134571 0.9953326149 0.0222091935 0.0020466551 0.0017257275 -0.0221450043 0.9997532799 0.0003233177
1711954573477 0.9955518163 0.0942148889 0.0003684288 -0.0010671200 -0.0941998030 0.9953055579 0.0222090884 0.0021242704 0.0017257275 -0.0221450043 0.9997532799 0.0003350377
1711954573487 0.9955337354 0.0944057346 0.0003726874 -0.0011665496 -0.0943906960 0.9952874741 0.0222090174 0.0023262405 0.0017257275 -0.0221450043 0.9997532799 0.0003634467
1711954573487 0.9955065455 0.0946919967 0.0003790751 -0.0011665496 -0.0946770289 0.9952602798 0.0222089093 0.0023262405 0.0017257275 -0.0221450043 0.9997532799 0.0003634467
1711954573492 0.9954883731 0.0948827965 0.0003924304 -0.0012167357 -0.0948679131 0.9952399707 0.0223042537 0.0024292600 0.0017257275 -0.0222408543 0.9997511522 0.0003776669
1711954573502 0.9954610459 0.0951690449 0.0003988456 -0.0013188533 -0.0951542329 0.9952126392 0.0223041399 0.0026448771 0.0017257275 -0.0222408543 0.9997511522 0.0004066170
1711954573502 0.9954427820 0.0953598728 0.0004031223 -0.0013188533 -0.0953451084 0.9951943725 0.0223040630 0.0026448771 0.0017257275 -0.0222408543 0.9997511522 0.0004066170
1711954573507 0.9954244815 0.0955506971 0.0004073991 -0.0013712270 -0.0955359805 0.9951760692 0.0223039853 0.0027546814 0.0017257275 -0.0222408543 0.9997511522 0.0004211090
1711954573517 0.9953969621 0.0958369271 0.0004138142 -0.0014818164 -0.0958222819 0.9951485456 0.0223038672 0.0029862186 0.0017257275 -0.0222408543 0.9997511522 0.0004519879
1711954573517 0.9953693604 0.0961231084 0.0004294449 -0.0014818164 -0.0961085754 0.9951187968 0.0223991532 0.0029862186 0.0017257275 -0.0223367041 0.9997490153 0.0004519879
1711954573522 0.9953507442 0.0963160499 0.0003383356 -0.0015353770 -0.0962994169 0.9951001409 0.0224083007 0.0031046418 0.0018216012 -0.0223367003 0.9997488453 0.0004659928
1711954573532 0.9953228269 0.0966043651 0.0002586410 -0.0016449673 -0.0965856798 0.9950700365 0.0225128615 0.0033504110 0.0019174748 -0.0224325459 0.9997465200 0.0004964442
1711954573532 0.9952951840 0.0968884240 0.0003605148 -0.0016449673 -0.0968719693 0.9950424182 0.0225035010 0.0033504110 0.0018216012 -0.0224325500 0.9997466992 0.0004964442
1711954573537 0.9952765908 0.0970792192 0.0003648298 -0.0017010000 -0.0970628130 0.9950238218 0.0225034315 0.0034763027 0.0018216012 -0.0224325500 0.9997466992 0.0005120236
1711954573547 0.9952486322 0.0973654053 0.0003713023 -0.0018164338 -0.0973490718 0.9949958586 0.0225033256 0.0037365757 0.0018216012 -0.0224325500 0.9997466992 0.0005437197
1711954573547 0.9952205914 0.0976515834 0.0003777747 -0.0018164338 -0.0976353226 0.9949678130 0.0225032179 0.0037365757 0.0018216012 -0.0224325500 0.9997466992 0.0005437197
1711954573552 0.9952018518 0.0978423272 0.0003914702 -0.0018750847 -0.0978261519 0.9949469082 0.0225985345 0.0038691243 0.0018216012 -0.0225283994 0.9997445439 0.0005604137
1711954573562 0.9951830755 0.0980331040 0.0003958034 -0.0019931706 -0.0980169777 0.9949281289 0.0225984590 0.0041445198 0.0018216012 -0.0225283994 0.9997445439 0.0005962130
1711954573562 0.9951548426 0.0983192626 0.0004023032 -0.0019931706 -0.0983032096 0.9948998914 0.0225983442 0.0041445198 0.0018216012 -0.0225283994 0.9997445439 0.0005962130
1711954573567 0.9951359749 0.0985100305 0.0004066363 -0.0020531699 -0.0984940263 0.9948810206 0.0225982667 0.0042843761 0.0018216012 -0.0225283994 0.9997445439 0.0006142465
1711954573577 0.9951170706 0.0987007947 0.0004109695 -0.0021746590 -0.0986848395 0.9948621132 0.0225981883 0.0045719895 0.0018216012 -0.0225283994 0.9997445439 0.0006499073
1711954573577 0.9950886456 0.0989869342 0.0004174692 -0.0021746590 -0.0989710523 0.9948336836 0.0225980691 0.0045719895 0.0018216012 -0.0225283994 0.9997445439 0.0006499073
1711954573582 0.9950696498 0.0991776894 0.0004218023 -0.0022360135 -0.0991618564 0.9948146848 0.0225979887 0.0047177873 0.0018216012 -0.0225283994 0.9997445439 0.0006672769
1711954573592 0.9950410876 0.0994638153 0.0004283019 -0.0023625394 -0.0994480556 0.9947861181 0.0225978664 0.0050180313 0.0018216012 -0.0225283994 0.9997445439 0.0007030300
1711954573592 0.9950220004 0.0996545613 0.0004326350 -0.0023625394 -0.0996388505 0.9947670278 0.0225977839 0.0050180313 0.0018216012 -0.0225283994 0.9997445439 0.0007030300
1711954573597 0.9949933010 0.0999406309 0.0004487163 -0.0024265151 -0.0999250360 0.9947361528 0.0226930277 0.0051703180 0.0018216012 -0.0226242486 0.9997423794 0.0007212798
1711954573607 0.9949741223 0.1001313673 0.0004530676 -0.0025576950 -0.1001158217 0.9947169711 0.0226929413 0.0054846053 0.0018216012 -0.0226242486 0.9997423794 0.0007616421
1711954573607 0.9949549070 0.1003221001 0.0004574189 -0.0025576950 -0.1003066038 0.9946977529 0.0226928540 0.0054846053 0.0018216012 -0.0226242486 0.9997423794 0.0007616421
1711954573612 0.9949260155 0.1006081923 0.0004639459 -0.0026246275 -0.1005927700 0.9946688570 0.0226927215 0.0056436202 0.0018216012 -0.0226242486 0.9997423794 0.0007823232
1711954573622 0.9949068780 0.1007967578 0.0005636582 -0.0027604783 -0.1007835599 0.9946497659 0.0226829721 0.0059730443 0.0017257275 -0.0226242524 0.9997425494 0.0008222443
1711954573622 0.9948778494 0.1010828361 0.0005701823 -0.0027604783 -0.1010697123 0.9946207335 0.0226828090 0.0059730443 0.0017257275 -0.0226242524 0.9997425494 0.0008222443
1711954573627 0.9948584512 0.1012735504 0.0005745317 -0.0028295178 -0.1012604758 0.9946013328 0.0226826993 0.0061404414 0.0017257275 -0.0226242524 0.9997425494 0.0008424471
1711954573637 0.9948292854 0.1015596149 0.0005810557 -0.0029708180 -0.1015466142 0.9945721632 0.0226825331 0.0064838623 0.0017257275 -0.0226242524 0.9997425494 0.0008809964
1711954573637 0.9948000372 0.1018456141 0.0005973440 -0.0029708180 -0.1018327442 0.9945407321 0.0227777155 0.0064838623 0.0017257275 -0.0227201014 0.9997403757 0.0008809964
1711954573642 0.9947804928 0.1020363130 0.0006017115 -0.0030419248 -0.1020234928 0.9945211852 0.0227776006 0.0066576140 0.0017257275 -0.0227201014 0.9997403757 0.0009005278
1711954573652 0.9947610717 0.1022248413 0.0007014260 -0.0031886232 -0.1022142542 0.9945018244 0.0227676876 0.0070146704 0.0016298539 -0.0227201051 0.9997405365 0.0009472888
1711954573652 0.9947316316 0.1025108771 0.0007079744 -0.0031886232 -0.1025003645 0.9944723812 0.0227674849 0.0070146704 0.0016298539 -0.0227201051 0.9997405365 0.0009472888
1711954573657 0.9947119591 0.1027015629 0.0007123400 -0.0032625367 -0.1026911000 0.9944527067 0.0227673488 0.0071950956 0.0016298539 -0.0227201051 0.9997405365 0.0009693738
1711954573667 0.9946924009 0.1028901556 0.0008021814 -0.0034148101 -0.1028818474 0.9944353970 0.0226620104 0.0075648356 0.0015339802 -0.0226242595 0.9997428618 0.0010174271
1711954573667 0.9946627687 0.1031760942 0.0008185913 -0.0034148101 -0.1031679379 0.9944035852 0.0227571161 0.0075648356 0.0015339802 -0.0227201085 0.9997406882 0.0010174271
1711954573672 0.9946429682 0.1033667668 0.0008229550 -0.0034913426 -0.1033586602 0.9943837831 0.0227569588 0.0077518343 0.0015339802 -0.0227201085 0.9997406882 0.0010405118
1711954573682 0.9946231312 0.1035574356 0.0008273185 -0.0036495954 -0.1035493787 0.9943639445 0.0227568005 0.0081367224 0.0015339802 -0.0227201085 0.9997406882 0.0010862133
1711954573682 0.9945934487 0.1038412652 0.0009291947 -0.0036495954 -0.1038354641 0.9943343443 0.0227466091 0.0081367224 0.0014381065 -0.0227201118 0.9997408306 0.0010862133
1711954573687 0.9945735202 0.1040319245 0.0009335563 -0.0037295870 -0.1040261731 0.9943144147 0.0227464305 0.0083323340 0.0014381065 -0.0227201118 0.9997408306 0.0011092956
1711954573697 0.9945435589 0.1043179063 0.0009400986 -0.0038949309 -0.1043122295 0.9942844517 0.0227461611 0.0087364387 0.0014381065 -0.0227201118 0.9997408306 0.0011568622
1711954573697 0.9945235390 0.1045085561 0.0009444601 -0.0038949309 -0.1045029289 0.9942644307 0.0227459804 0.0087364387 0.0014381065 -0.0227201118 0.9997408306 0.0011568622
1711954573702 0.9945034826 0.1046992020 0.0009488216 -0.0039783473 -0.1046936245 0.9942443732 0.0227457989 0.0089416412 0.0014381065 -0.0227201118 0.9997408306 0.0011806380
1711954573712 0.9944733293 0.1049851636 0.0009553637 -0.0041499350 -0.1049796606 0.9942142183 0.0227455250 0.0093614244 0.0014381065 -0.0227201118 0.9997408306 0.0012263203
1711954573712 0.9944533140 0.1051736336 0.0010550425 -0.0041499350 -0.1051703606 0.9941942985 0.0227352609 0.0093614244 0.0013422328 -0.0227201148 0.9997409638 0.0012263203
1711954573717 0.9944331295 0.1053642661 0.0010594019 -0.0042368295 -0.1053610427 0.9941741134 0.0227350582 0.0095742723 0.0013422328 -0.0227201148 0.9997409638 0.0012495179
1711954573727 0.9944127760 0.1055570607 0.0009684477 -0.0044127647 -0.1055517068 0.9941536619 0.0227449717 0.0100066892 0.0014381065 -0.0227201118 0.9997408306 0.0012950589
1711954573727 0.9943825085 0.1058408302 0.0010703003 -0.0044127647 -0.1058377309 0.9941234908 0.0227345478 0.0100066892 0.0013422328 -0.0227201148 0.9997409638 0.0012950589
1711954573732 0.9943621960 0.1060314491 0.0010746595 -0.0045011678 -0.1060283995 0.9941031778 0.0227343421 0.0102253082 0.0013422328 -0.0227201148 0.9997409638 0.0013184369
1711954573742 0.9943418471 0.1062219601 0.0010892027 -0.0046792655 -0.1062190641 0.9940806441 0.0228294420 0.0106673151 0.0013422328 -0.0228159637 0.9997387810 0.0013629482
1711954573742 0.9943111225 0.1065100495 0.0010004653 -0.0046792655 -0.1065050395 0.9940498183 0.0228393362 0.0106673151 0.0014381065 -0.0228159606 0.9997386477 0.0013629482
1711954573747 0.9942906822 0.1067006542 0.0010048447 -0.0047691397 -0.1066956943 0.9940293770 0.0228391439 0.0108906502 0.0014381065 -0.0228159606 0.9997386477 0.0013847368
1711954573757 0.9942702053 0.1068912550 0.0010092240 -0.0049536678 -0.1068863452 0.9940088991 0.0228389509 0.0113462925 0.0014381065 -0.0228159606 0.9997386477 0.0014250196
1711954573757 0.9942394213 0.1071771488 0.0010157929 -0.0049536678 -0.1071723141 0.9939781138 0.0228386596 0.0113462925 0.0014381065 -0.0228159606 0.9997386477 0.0014250196
1711954573762 0.9942188530 0.1073677398 0.0010201722 -0.0050473915 -0.1073629552 0.9939575446 0.0228384644 0.0115772528 0.0014381065 -0.0228159606 0.9997386477 0.0014453941
1711954573772 0.9941879320 0.1076535199 0.0010370621 -0.0052404445 -0.1076489094 0.9939244280 0.0229334615 0.0120494172 0.0014381065 -0.0229118092 0.9997364557 0.0014880869
1711954573772 0.9941672723 0.1078441005 0.0010414595 -0.0052404445 -0.1078395405 0.9939037675 0.0229332622 0.0120494172 0.0014381065 -0.0229118092 0.9997364557 0.0014880869
1711954573777 0.9941360726 0.1081321478 0.0009527690 -0.0053387384 -0.1081254644 0.9938724706 0.0229433254 0.0122882213 0.0015339802 -0.0229118060 0.9997363133 0.0015099158
1711954573787 0.9941049323 0.1084180023 0.0009593679 -0.0055417041 -0.1084113948 0.9938413283 0.0229430504 0.0127741606 0.0015339802 -0.0229118060 0.9997363133 0.0015522111
1711954573787 0.9940632839 0.1087991277 0.0009681664 -0.0055417041 -0.1087926212 0.9937996775 0.0229426808 0.0127741606 0.0015339802 -0.0229118060 0.9997363133 0.0015522111
1711954573792 0.9940111595 0.1092733284 0.0010744389 -0.0056469349 -0.1092691474 0.9937476484 0.0229317408 0.0130191125 0.0014381065 -0.0229118092 0.9997364557 0.0015739802
1711954573802 0.9939481388 0.1098448517 0.0010981613 -0.0058594791 -0.1098409271 0.9936824222 0.0230263871 0.0135161036 0.0014381065 -0.0230076577 0.9997342545 0.0016200111
1711954573802 0.9938847891 0.1104164422 0.0011114069 -0.0058594791 -0.1104126704 0.9936190704 0.0230257516 0.0135161036 0.0014381065 -0.0230076577 0.9997342545 0.0016200111
1711954573807 0.9938317465 0.1108927396 0.0011224446 -0.0059653971 -0.1108890952 0.9935660260 0.0230252162 0.0137666517 0.0014381065 -0.0230076577 0.9997342545 0.0016443603
1711954573817 0.9937783340 0.1113712037 0.0010382299 -0.0061739512 -0.1113654787 0.9935125076 0.0230353497 0.0142847184 0.0015339802 -0.0230076544 0.9997341120 0.0016905316
1711954573817 0.9937355528 0.1117522028 0.0010470638 -0.0061739512 -0.1117465797 0.9934697243 0.0230349498 0.0142847184 0.0015339802 -0.0230076544 0.9997341120 0.0016905316
1711954573822 0.9937033710 0.1120378398 0.0010644306 -0.0062763595 -0.1120323947 0.9934353278 0.0231298922 0.0145466061 0.0015339802 -0.0231035026 0.9997319016 0.0017143329
1711954573832 0.9936711069 0.1123235684 0.0010710832 -0.0064833272 -0.1123182004 0.9934030623 0.0231295851 0.0150775119 0.0015339802 -0.0231035026 0.9997319016 0.0017615571
1711954573832 0.9936494012 0.1125162500 0.0009802787 -0.0064833272 -0.1125087154 0.9933812570 0.0231401631 0.0150775119 0.0016298539 -0.0231034991 0.9997317500 0.0017615571
1711954573837 0.9936170002 0.1128018679 0.0009977490 -0.0065884382 -0.1127945055 0.9933466308 0.0232351162 0.0153449006 0.0016298539 -0.0231993471 0.9997295304 0.0017853117
1711954573847 0.9935843572 0.1130897809 0.0009091988 -0.0068089534 -0.1130802682 0.9933138940 0.0232456668 0.0158888619 0.0017257275 -0.0231993433 0.9997293695 0.0018352753
1711954573847 0.9935409184 0.1134707037 0.0009181134 -0.0068089534 -0.1134612947 0.9932704515 0.0232453164 0.0158888619 0.0017257275 -0.0231993433 0.9997293695 0.0018352753
1711954573852 0.9934754862 0.1140420565 0.0009314849 -0.0069264396 -0.1140328031 0.9932050140 0.0232447844 0.0161613659 0.0017257275 -0.0231993433 0.9997293695 0.0018599591
1711954573862 0.9933767215 0.1148989233 0.0009625575 -0.0071783558 -0.1148899950 0.9931040084 0.0233391848 0.0167120184 0.0017257275 -0.0232951911 0.9997271407 0.0019080426
1711954573862 0.9932772173 0.1157557943 0.0009826956 -0.0071783558 -0.1157471013 0.9930044965 0.0233383455 0.0167120184 0.0017257275 -0.0232951911 0.9997271407 0.0019080426
1711954573867 0.9931545967 0.1168029640 0.0010073080 -0.0073089799 -0.1167945586 0.9928818669 0.0233372962 0.0169891901 0.0017257275 -0.0232951911 0.9997271407 0.0019323521
1711954573877 0.9930195690 0.1179451827 0.0010341565 -0.0075857616 -0.1179370911 0.9927468297 0.0233361219 0.0175447288 0.0017257275 -0.0232951911 0.9997271407 0.0019797910
1711954573877 0.9928603755 0.1192775738 0.0010654781 -0.0075857616 -0.1192698483 0.9925876256 0.0233347128 0.0175447288 0.0017257275 -0.0232951911 0.9997271407 0.0019797910
1711954573882 0.9927109512 0.1205146017 0.0010945607 -0.0077232601 -0.1205072162 0.9924381919 0.0233333667 0.0178234152 0.0017257275 -0.0232951911 0.9997271407 0.0020024779
1711954573892 0.9925599849 0.1217514425 0.0011236416 -0.0080018145 -0.1217443969 0.9922872167 0.0233319843 0.0183892277 0.0017257275 -0.0232951911 0.9997271407 0.0020455331
1711954573892 0.9924194225 0.1228907573 0.0012456052 -0.0080018145 -0.1228862618 0.9921467612 0.0233188978 0.0183892277 0.0016298539 -0.0232951948 0.9997273016 0.0020455331
1711954573897 0.9922654913 0.1241272330 0.0012746679 -0.0081405722 -0.1241230773 0.9919928245 0.0233173272 0.0186727585 0.0016298539 -0.0232951948 0.9997273016 0.0020671123
1711954573907 0.9921340379 0.1251733311 0.0012992579 -0.0084059536 -0.1251694630 0.9918613669 0.0233159700 0.0192570612 0.0016298539 -0.0232951948 0.9997273016 0.0021144279
1711954573907 0.9920137277 0.1261218566 0.0014287853 -0.0084059536 -0.1261206210 0.9917389456 0.0233977071 0.0192570612 0.0015339802 -0.0233910459 0.9997252152 0.0021144279
1711954573912 0.9918923551 0.1270726163 0.0014512170 -0.0085373654 -0.1270716442 0.9916175720 0.0233963265 0.0195517838 0.0015339802 -0.0233910459 0.9997252152 0.0021368944
1711954573922 0.9917823403 0.1279282002 0.0014714043 -0.0088057217 -0.1279274652 0.9915075565 0.0233950656 0.0201550168 0.0015339802 -0.0233910459 0.9997252152 0.0021856115
1711954573922 0.9916593769 0.1288765133 0.0015888815 -0.0088057217 -0.1288782840 0.9913847402 0.0233812915 0.0201550168 0.0014381065 -0.0233910493 0.9997253576 0.0021856115
1711954573927 0.9915353606 0.1298269322 0.0016112973 -0.0089415740 -0.1298289661 0.9912607258 0.0233797574 0.0204585482 0.0014381065 -0.0233910493 0.9997253576 0.0022107132
1711954573937 0.9913980222 0.1308701971 0.0017184290 -0.0092207319 -0.1308745961 0.9911257866 0.0232704782 0.0210995418 0.0013422328 -0.0232952048 0.9997277289 0.0022513123
1711954573937 0.9912594491 0.1319153771 0.0017429694 -0.0092207319 -0.1319200631 0.9909872182 0.0232686530 0.0210995418 0.0013422328 -0.0232952048 0.9997277289 0.0022513123
1711954573942 0.9911198964 0.1329581967 0.0018625044 -0.0093634102 -0.1329654000 0.9908478446 0.0232540575 0.0214262298 0.0012463591 -0.0232952077 0.9997278529 0.0022722583
1711954573952 0.9909535178 0.1341908325 0.0019864666 -0.0096540594 -0.1342006034 0.9906816611 0.0232388552 0.0221024172 0.0011504853 -0.0232952104 0.9997279678 0.0023148544
1711954573952 0.9907854860 0.1354256659 0.0020024452 -0.0096540594 -0.1354355831 0.9905158649 0.0231413969 0.0221024172 0.0011504853 -0.0231993625 0.9997301966 0.0023148544
1711954573957 0.9905897953 0.1368477899 0.0021306690 -0.0098048016 -0.1368603125 0.9903203885 0.0231253755 0.0224460090 0.0010546116 -0.0231993650 0.9997303023 0.0023351457
1711954573967 0.9903786889 0.1383667607 0.0021661403 -0.0101093689 -0.1383796966 0.9901093015 0.0231220799 0.0231531646 0.0010546116 -0.0231993650 0.9997303023 0.0023741013
1711954573967 0.9901921545 0.1396933909 0.0022920815 -0.0101093689 -0.1397089042 0.9899230000 0.0231057608 0.0231531646 0.0009587378 -0.0231993672 0.9997303987 0.0023741013
1711954573972 0.9899902143 0.1411168611 0.0023253077 -0.0102592550 -0.1411327615 0.9897210824 0.0231024406 0.0235091190 0.0009587378 -0.0231993672 0.9997303987 0.0023934651
1711954573982 0.9898136297 0.1423480978 0.0024489715 -0.0105376884 -0.1423665476 0.9895447480 0.0230858789 0.0242274514 0.0008628641 -0.0231993692 0.9997304860 0.0024346494
1711954573982 0.9896629379 0.1433918405 0.0024595692 -0.0105376884 -0.1434103374 0.9893962843 0.0229884263 0.0242274514 0.0008628641 -0.0231035212 0.9997327057 0.0024346494
1711954573987 0.9895250674 0.1443381544 0.0025764522 -0.0106764540 -0.1443591100 0.9892586742 0.0229722211 0.0245893490 0.0007669903 -0.0231035230 0.9997327838 0.0024542859
1711954573997 0.9894140543 0.1450968638 0.0025940709 -0.0109434851 -0.1451180237 0.9891476772 0.0229702382 0.0253272687 0.0007669903 -0.0231035230 0.9997327838 0.0024949048
1711954573997 0.9893025274 0.1458532965 0.0027065110 -0.0109434851 -0.1458768621 0.9890364215 0.0229542598 0.0253272687 0.0006711165 -0.0231035246 0.9997328527 0.0024949048
1711954574002 0.9891762872 0.1467066462 0.0027263164 -0.0110788188 -0.1467304414 0.9889102017 0.0229519159 0.0257022122 0.0006711165 -0.0231035246 0.9997328527 0.0025147884
1711954574012 0.9890776503 0.1473683676 0.0028223917 -0.0113601891 -0.1473942697 0.9888140427 0.0228411523 0.0264977166 0.0005752428 -0.0230076777 0.9997351229 0.0025514099
1711954574012 0.9890069304 0.1478401758 0.0029281355 -0.0113601891 -0.1478683934 0.9887436114 0.0228256238 0.0264977166 0.0004793690 -0.0230076788 0.9997351734 0.0025514099
1711954574017 0.9889643594 0.1481245535 0.0029347005 -0.0115001639 -0.1481528469 0.9887010485 0.0228247807 0.0268953477 0.0004793690 -0.0230076788 0.9997351734 0.0025684700
1711954574027 0.9888361964 0.1489757235 0.0030348896 -0.0117864121 -0.1490061397 0.9885753799 0.0227131795 0.0276353237 0.0003834952 -0.0229118313 0.9997374160 0.0026213538
1711954574027 0.9887072562 0.1498286742 0.0030544869 -0.0117864121 -0.1498593155 0.9884464661 0.0227105524 0.0276353237 0.0003834952 -0.0229118313 0.9997374160 0.0026213538
1711954574032 0.9885631578 0.1507740949 0.0031710114 -0.0119303632 -0.1508071625 0.9883026967 0.0226931588 0.0280074978 0.0002876214 -0.0229118320 0.9997374481 0.0026482917
1711954574042 0.9884181190 0.1517215488 0.0031927667 -0.0122294668 -0.1517548661 0.9881576896 0.0226901082 0.0287627307 0.0002876214 -0.0229118320 0.9997374481 0.0027022136
1711954574042 0.9882721716 0.1526688632 0.0032145191 -0.0122294668 -0.1527024302 0.9880117743 0.0226870368 0.0287627307 0.0002876214 -0.0229118320 0.9997374481 0.0027022136
1711954574047 0.9880958356 0.1538054552 0.0032406181 -0.0123827450 -0.1538393218 0.9878354771 0.0226833235 0.0291456428 0.0002876214 -0.0229118320 0.9997374481 0.0027292505
1711954574057 0.9879182145 0.1549399951 0.0033465487 -0.0126982292 -0.1549760133 0.9876603813 0.0225700353 0.0299267843 0.0001917476 -0.0228159838 0.9997396632 0.0027832635
1711954574057 0.9877392630 0.1560761814 0.0033725130 -0.0126982292 -0.1561124962 0.9874814715 0.0225661702 0.0299267843 0.0001917476 -0.0228159838 0.9997396632 0.0027832635
1711954574062 0.9875740757 0.1571175040 0.0033963097 -0.0128570966 -0.1571540907 0.9873163226 0.0225626010 0.0303189558 0.0001917476 -0.0228159838 0.9997396632 0.0028103015
1711954574072 0.9873926187 0.1582532930 0.0034222653 -0.0131654094 -0.1582901761 0.9871349078 0.0225586787 0.0311118696 0.0001917476 -0.0228159838 0.9997396632 0.0028658430
1711954574072 0.9872251349 0.1592942489 0.0034460541 -0.0131654094 -0.1593314038 0.9869674631 0.0225550570 0.0311118696 0.0001917476 -0.0228159838 0.9997396632 0.0028658430
1711954574077 0.9870719241 0.1602404187 0.0034676769 -0.0133172835 -0.1602778207 0.9868142880 0.0225517427 0.0315099869 0.0001917476 -0.0228159838 0.9997396632 0.0028937518
1711954574087 0.9869178197 0.1611842824 0.0035838914 -0.0136026675 -0.1612240925 0.9866605586 0.0225329546 0.0323064330 0.0000958738 -0.0228159841 0.9997396770 0.0029473609
1711954574087 0.9868093973 0.1618464104 0.0035990129 -0.0136026675 -0.1618863930 0.9865521630 0.0225305444 0.0323064330 0.0000958738 -0.0228159841 0.9997396770 0.0029473609
1711954574092 0.9867005304 0.1625084654 0.0036141327 -0.0137442098 -0.1625486207 0.9864433230 0.0225281239 0.0327058923 0.0000958738 -0.0228159841 0.9997396770 0.0029743168
1711954574101 0.9866224963 0.1629813171 0.0036249315 -0.0139897099 -0.1630215956 0.9863653082 0.0225263888 0.0334244622 0.0000958738 -0.0228159841 0.9997396770 0.0030230209
1711954574102 0.9865442354 0.1634544791 0.0036200586 -0.0140168671 -0.1634945331 0.9862892216 0.0224300894 0.0335043346 0.0000958738 -0.0227201352 0.9997418598 0.0030284435
1711954574107 0.9865128676 0.1636435947 0.0036243594 -0.0141512335 -0.1636836976 0.9862578615 0.0224293948 0.0339065470 0.0000958738 -0.0227201352 0.9997418598 0.0030550716
1711954574116 0.9864657479 0.1639272568 0.0036308105 -0.0143962657 -0.1639674330 0.9862107533 0.0224283514 0.0346568207 0.0000958738 -0.0227201352 0.9997418598 0.0031034044
1711954574117 0.9864342939 0.1641142086 0.0037296598 -0.0144234849 -0.1641565832 0.9861796601 0.0224119206 0.0347404865 0.0000000000 -0.0227201353 0.9997418644 0.0031087657
1711954574122 0.9864027991 0.1643036604 0.0037182047 -0.0145604411 -0.1643457266 0.9861503176 0.0223166591 0.0351631152 0.0000000000 -0.0226242861 0.9997440381 0.0031351829
1711954574132 0.9864027991 0.1643036604 0.0037182047 -0.0148367647 -0.1643457266 0.9861503176 0.0223166591 0.0360259279 0.0000000000 -0.0226242861 0.9997440381 0.0031883641
1711954574132 0.9863712681 0.1644927493 0.0037224838 -0.0148367647 -0.1645348640 0.9861187946 0.0223159458 0.0360259279 0.0000000000 -0.0226242861 0.9997440381 0.0031883641
1711954574137 0.9863554845 0.1645851520 0.0038191648 -0.0149760582 -0.1646294296 0.9861033766 0.0222998092 0.0364554984 -0.0000958738 -0.0226242860 0.9997440335 0.0032148233
1711954574146 0.9863080972 0.1648709090 0.0037310416 -0.0152299555 -0.1649131205 0.9860556399 0.0223145166 0.0372238731 -0.0000000000 -0.0226242861 0.9997440381 0.0032619979
1711954574146 0.9862606239 0.1651545129 0.0037374596 -0.0152299555 -0.1651967970 0.9860081787 0.0223134425 0.0372238731 0.0000000000 -0.0226242861 0.9997440381 0.0032619979
1711954574151 0.9861971992 0.1655326301 0.0037460164 -0.0153711808 -0.1655750110 0.9859447703 0.0223120076 0.0376482829 -0.0000000000 -0.0226242861 0.9997440381 0.0032888031
1711954574161 0.9861336295 0.1659107230 0.0037545727 -0.0156402549 -0.1659532007 0.9858812168 0.0223105694 0.0384814362 -0.0000000000 -0.0226242861 0.9997440381 0.0033429636
1711954574162 0.9861017902 0.1660997603 0.0037588506 -0.0156670478 -0.1661422864 0.9858493857 0.0223098490 0.0385647684 0.0000000000 -0.0226242861 0.9997440381 0.0033484005
1711954574166 0.9860539633 0.1663829431 0.0037812190 -0.0157751681 -0.1664259035 0.9857994277 0.0224032794 0.0388989183 0.0000000000 -0.0227201353 0.9997418644 0.0033700973
1711954574176 0.9860220289 0.1665741125 0.0036910055 -0.0160517229 -0.1666149732 0.9857671431 0.0224185239 0.0397437952 0.0000958738 -0.0227201352 0.9997418598 0.0034215302
1711954574176 0.9859900673 0.1667609802 0.0037898103 -0.0160517229 -0.1668040383 0.9857355482 0.0224018277 0.0397437952 0.0000000000 -0.0227201353 0.9997418644 0.0034215302
1711954574181 0.9859580649 0.1669499896 0.0037941057 -0.0161904978 -0.1669930964 0.9857035540 0.0224011006 0.0401683108 0.0000000000 -0.0227201353 0.9997418644 0.0034466670
1711954574191 0.9859260263 0.1671389928 0.0037984010 -0.0164696217 -0.1671821484 0.9856715237 0.0224003727 0.0410280950 0.0000000000 -0.0227201353 0.9997418644 0.0034983947
1711954574192 0.9858939514 0.1673279898 0.0038026962 -0.0164975498 -0.1673711943 0.9856394570 0.0223996439 0.0411141810 0.0000000000 -0.0227201353 0.9997418644 0.0035035820
1711954574196 0.9858618402 0.1675169808 0.0038069912 -0.0166095135 -0.1675602340 0.9856073542 0.0223989144 0.0414602454 0.0000000000 -0.0227201353 0.9997418644 0.0035245638
1711954574206 0.9858296928 0.1677055994 0.0038273646 -0.0168901696 -0.1677492676 0.9855730632 0.0224926747 0.0423352785 0.0000000000 -0.0228159842 0.9997396815 0.0035842339
1711954574207 0.9857975046 0.1678963749 0.0037532868 -0.0169182727 -0.1679382942 0.9855383581 0.0226025245 0.0424229098 0.0000958738 -0.0229118328 0.9997374849 0.0035902247
1711954574211 0.9857652848 0.1680853464 0.0037576207 -0.0170308421 -0.1681273154 0.9855061462 0.0226018044 0.0427757896 0.0000958738 -0.0229118328 0.9997374849 0.0036143295
1711954574221 0.9857168734 0.1683706048 0.0036857841 -0.0173222210 -0.1684108333 0.9854552177 0.0227113441 0.0436690311 0.0001917476 -0.0230076810 0.9997352699 0.0036770300
1711954574221 0.9856683714 0.1686558643 0.0036140111 -0.0173222210 -0.1686943357 0.9854041944 0.0228209267 0.0436690311 0.0002876214 -0.0231035288 0.9997330365 0.0036770300
1711954574226 0.9856360065 0.1688444624 0.0036345747 -0.0174677751 -0.1688833322 0.9853696446 0.0229147045 0.0441189855 0.0002876214 -0.0231993769 0.9997308169 0.0037090872
1711954574236 0.9855873596 0.1691300610 0.0035466987 -0.0177578300 -0.1691668098 0.9853206643 0.0229298725 0.0450300758 0.0003834952 -0.0231993762 0.9997307847 0.0037708123
1711954574236 0.9855386628 0.1694131118 0.0035695360 -0.0177578300 -0.1694502788 0.9852697753 0.0230233131 0.0450300758 0.0003834952 -0.0232952241 0.9997285559 0.0037708123
1711954574241 0.9855061530 0.1696020318 0.0035739506 -0.0179036097 -0.1696392503 0.9852372726 0.0230226282 0.0454881523 0.0003834952 -0.0232952241 0.9997285559 0.0038020447
1711954574251 0.9854572796 0.1698872660 0.0035024061 -0.0181971378 -0.1699226889 0.9851858579 0.0231323396 0.0464153755 0.0004793690 -0.0233910708 0.9997262765 0.0038683577
1711954574251 0.9854246294 0.1700780519 0.0034286971 -0.0181971378 -0.1701116363 0.9851506590 0.0232424227 0.0464153755 0.0005752428 -0.0234869170 0.9997239788 0.0038683577
1711954574256 0.9853756021 0.1703632930 0.0033572697 -0.0183441227 -0.1703950483 0.9850990822 0.0233522128 0.0468814818 0.0006711165 -0.0235827628 0.9997216627 0.0039011660
1711954574266 0.9853264841 0.1706485351 0.0032859062 -0.0186413363 -0.1706784446 0.9850474105 0.0234620456 0.0478245834 0.0007669903 -0.0236786082 0.9997193282 0.0039620262
1711954574266 0.9852773526 0.1709315323 0.0033090421 -0.0186413363 -0.1709618385 0.9849960338 0.0235555349 0.0478245834 0.0007669903 -0.0237744550 0.9997170535 0.0039620262
1711954574271 0.9852281395 0.1712148311 0.0033158171 -0.0187908639 -0.1712452182 0.9849468295 0.0235545822 0.0482989172 0.0007669903 -0.0237744550 0.9997170535 0.0039919845
1711954574281 0.9851952086 0.1714056247 0.0032423391 -0.0190935257 -0.1714341168 0.9849113263 0.0236648046 0.0492569160 0.0008628641 -0.0238702997 0.9997146914 0.0040524502
1711954574281 0.9851458597 0.1716888992 0.0032491455 -0.0190935257 -0.1717174730 0.9848619856 0.0236638711 0.0492569160 0.0008628641 -0.0238702997 0.9997146914 0.0040524502
1711954574286 0.9850964294 0.1719718465 0.0032724392 -0.0192456970 -0.1720008149 0.9848102903 0.0237573532 0.0497378949 0.0008628641 -0.0239661460 0.9997123983 0.0040827092
1711954574296 0.9850635075 0.1721584150 0.0033714092 -0.0195533257 -0.1721897150 0.9847776926 0.0237402215 0.0507048798 0.0007669903 -0.0239661479 0.9997124764 0.0041448368
1711954574296 0.9850139413 0.1724416510 0.0033782373 -0.0195533257 -0.1724730333 0.9847281355 0.0237392509 0.0507048798 0.0007669903 -0.0239661479 0.9997124764 0.0041448368
1711954574301 0.9849808519 0.1726301419 0.0033993399 -0.0197084562 -0.1726619042 0.9846927716 0.0238330090 0.0511888814 0.0007669903 -0.0240619940 0.9997101741 0.0041759640
1711954574311 0.9849477942 0.1728166791 0.0034983131 -0.0200500840 -0.1728507806 0.9846600509 0.0238157897 0.0521397627 0.0006711165 -0.0240619957 0.9997102430 0.0042414133
1711954574311 0.9849312766 0.1729088092 0.0035949981 -0.0200500840 -0.1729452208 0.9846438767 0.0237988781 0.0521397627 0.0005752428 -0.0240619971 0.9997103027 0.0042414133
1711954574316 0.9848980967 0.1730972632 0.0036161570 -0.0202253871 -0.1731340759 0.9846084176 0.0238925866 0.0526132856 0.0005752428 -0.0241578430 0.9997079912 0.0042753486
1711954574326 0.9848482589 0.1733801024 0.0036396515 -0.0205779091 -0.1734173465 0.9845562953 0.0239859388 0.0535609784 0.0005752428 -0.0242536887 0.9997056705 0.0043425417
1711954574326 0.9847983894 0.1736606252 0.0037575883 -0.0205779091 -0.1737006115 0.9845044882 0.0240626308 0.0535609784 0.0004793690 -0.0243495354 0.9997033912 0.0043425417
1711954574331 0.9847483887 0.1739434209 0.0037811857 -0.0207516791 -0.1739838534 0.9844521876 0.0241559323 0.0540420335 0.0004793690 -0.0244453807 0.9997010521 0.0043755493
1711954574341 0.9846816667 0.1743163252 0.0039792030 -0.0211114653 -0.1743614997 0.9843862260 0.0241210571 0.0549805074 0.0002876214 -0.0244453825 0.9997011256 0.0044386473
1711954574341 0.9846147275 0.1746934366 0.0040052016 -0.0211114653 -0.1747391076 0.9843169872 0.0242138996 0.0549805074 0.0002876214 -0.0245412275 0.9996987773 0.0044386473
1711954574346 0.9845476661 0.1750681934 0.0041256356 -0.0212885246 -0.1751166937 0.9842480085 0.0242899415 0.0554625288 0.0001917476 -0.0246370729 0.9996964429 0.0044695893
1711954574356 0.9844804373 0.1754456349 0.0041349503 -0.0216415203 -0.1754942502 0.9841807984 0.0242883576 0.0564366614 0.0001917476 -0.0246370729 0.9996964429 0.0045257773
1711954574356 0.9844299388 0.1757236325 0.0043474881 -0.0216415203 -0.1757774038 0.9841287963 0.0243478249 0.0564366614 0.0000000000 -0.0247329179 0.9996940946 0.0045257773
1711954574361 0.9843793362 0.1760039202 0.0044657124 -0.0218290919 -0.1760605388 0.9840762941 0.0244240462 0.0569105992 -0.0000958738 -0.0248287622 0.9996917142 0.0045580267
1711954574371 0.9842778596 0.1765643894 0.0047022920 -0.0222443481 -0.1766267603 0.9839710329 0.0245762906 0.0578446451 -0.0002876214 -0.0250204493 0.9996868982 0.0046324557
1711954574371 0.9841590691 0.1772214219 0.0048470919 -0.0222443481 -0.1772872799 0.9838480146 0.0247447883 0.0578446451 -0.0003834952 -0.0252121356 0.9996820500 0.0046324557
1711954574376 0.9839886041 0.1781607789 0.0050163652 -0.0224580215 -0.1782307416 0.9836709328 0.0250059734 0.0583212657 -0.0004793690 -0.0254996634 0.9996747158 0.0046682239
1711954574386 0.9838515637 0.1789118004 0.0051641440 -0.0228902121 -0.1789853899 0.9835296246 0.0251735541 0.0592741498 -0.0005752428 -0.0256913469 0.9996697574 0.0047367672
1711954574386 0.9837139354 0.1796621570 0.0053294066 -0.0228902121 -0.1797399311 0.9833852793 0.0254352028 0.0592741498 -0.0006711165 -0.0259788707 0.9996622669 0.0047367672
1711954574391 0.9836103108 0.1802237911 0.0054901442 -0.0231077672 -0.1803057633 0.9832748658 0.0256976641 0.0597495570 -0.0007669903 -0.0262663920 0.9996546846 0.0047687647
1711954574401 0.9835064284 0.1807877922 0.0055569243 -0.0235132444 -0.1808715482 0.9831635998 0.0259772817 0.0607594468 -0.0007669903 -0.0265539130 0.9996470884 0.0048361927
1711954574401 0.9834022207 0.1813517099 0.0056240275 -0.0235132444 -0.1814372732 0.9830519289 0.0262568286 0.0607594468 -0.0007669903 -0.0268414318 0.9996394096 0.0048361927
1711954574406 0.9833672497 0.1815334625 0.0058697656 -0.0237136553 -0.1816258048 0.9830104895 0.0265036719 0.0612579223 -0.0009587378 -0.0271289439 0.9996314827 0.0048690778
