1711087189305 0.9875524476 -0.1565425674 0.0153162590 0.0000000000 0.1565682343 0.9876670258 -0.0004838675 0.0000000000 -0.0150516181 0.0028758842 0.9998825821 -0.0245000000
1711087189379 0.9863455935 -0.1627014371 0.0255071067 -0.0002239802 0.1628786975 0.9866333351 -0.0050191538 0.0011310437 -0.0243495382 0.0091051846 0.9996620407 -0.0489683564
1711087189450 0.9847724705 -0.1707635743 0.0326034212 -0.0006987344 0.1710687526 0.9852356852 -0.0067916482 0.0025564022 -0.0309622880 0.0122656547 0.9994452914 -0.0733770258
1711087189484 0.9836851645 -0.1761594471 0.0364876196 -0.0013922009 0.1765204023 0.9842728391 -0.0068938945 0.0040625319 -0.0346993483 0.0132222310 0.9993103261 -0.0977363011
1711087189558 0.9827665720 -0.1814524443 0.0352827921 -0.0042289734 0.1817097394 0.9833432371 -0.0042010202 0.0048435565 -0.0339328096 0.0105398492 0.9993685386 -0.1226538787
1711087189630 0.9826109366 -0.1824143923 0.0346516481 -0.0087384482 0.1826554085 0.9831692779 -0.0038952153 0.0058723877 -0.0333578925 0.0101567921 0.9993918604 -0.1471863603
1711087189664 0.9823700233 -0.1836712158 0.0348428158 -0.0145226735 0.1842675750 0.9827657666 -0.0147278210 0.0077506689 -0.0315372498 0.0208885710 0.9992842786 -0.1706506959
1711087189738 0.9823537164 -0.1855315152 0.0236481035 -0.0209249051 0.1863127022 0.9818017739 -0.0367811617 0.0099984564 -0.0163936853 0.0405380530 0.9990434992 -0.1937999066
1711087189809 0.9821433598 -0.1881292850 -0.0013390092 -0.0282977805 0.1879316513 0.9813919525 -0.0393894664 0.0122313037 0.0087244051 0.0384344607 0.9992230367 -0.2168720957
1711087189844 0.9812049933 -0.1904344134 -0.0311688202 -0.0358497811 0.1893128152 0.9812679009 -0.0356926407 0.0136269355 0.0373820698 0.0291211402 0.9988766391 -0.2411019660
1711087189918 0.9811610957 -0.1905223318 -0.0320022705 -0.0446655670 0.1890116538 0.9809425350 -0.0450148625 0.0149152385 0.0399687250 0.0381180298 0.9984735935 -0.2660825598
1711087189989 0.9815410008 -0.1910439870 -0.0089139663 -0.0543195966 0.1901586170 0.9798461249 -0.0611659377 0.0157719623 0.0204196999 0.0583418082 0.9980878064 -0.2911700081
1711087190023 0.9826526552 -0.1853150400 0.0072177017 -0.0642537122 0.1853935812 0.9805741269 -0.0640593614 0.0172025819 0.0047936716 0.0642862171 0.9979199883 -0.3155201815
1711087190098 0.9833149696 -0.1814657481 0.0127221398 -0.0744701624 0.1819086348 0.9812622681 -0.0635107070 0.0178587666 -0.0009587378 0.0647652960 0.9979000638 -0.3392051437
1711087190169 0.9848313385 -0.1732021967 0.0104035456 -0.0862120461 0.1735117158 0.9833758239 -0.0535319849 0.0178594573 -0.0009587378 0.0545251134 0.9985119393 -0.3635198014
1711087190203 0.9867043195 -0.1619764983 0.0133491550 -0.1007524052 0.1624520800 0.9853963106 -0.0510238456 0.0175744939 -0.0048895443 0.0525140468 0.9986082151 -0.3871306026
1711087190277 0.9886109231 -0.1500671194 0.0113270693 -0.1171027580 0.1504265212 0.9876183281 -0.0445185326 0.0171582300 -0.0045060533 0.0457153992 0.9989443417 -0.4092997033
1711087190349 0.9895900754 -0.1438907617 0.0026327470 -0.1349521896 0.1438841527 0.9888356616 -0.0387477099 0.0181025729 0.0029720834 0.0387231597 0.9992455572 -0.4332612164
1711087190383 0.9900578417 -0.1405947849 0.0043100530 -0.1542084759 0.1406581870 0.9893863652 -0.0364677239 0.0194545476 0.0008628641 0.0367114003 0.9993255368 -0.4589928664
1711087190457 0.9874615000 -0.1576284931 0.0085465883 -0.1739863855 0.1578157323 0.9870189662 -0.0297952179 0.0216139845 -0.0037390695 0.0307704166 0.9995194850 -0.4849235807
1711087190528 0.9842533578 -0.1765799732 0.0080523753 -0.1944836013 0.1767197679 0.9840014456 -0.0226114731 0.0245651170 -0.0039308156 0.0236784322 0.9997118988 -0.5124868551
1711087190563 0.9809794990 -0.1937398101 0.0120045195 -0.2156676761 0.1939559652 0.9807920567 -0.0206887664 0.0264007430 -0.0077656997 0.0226236039 0.9997138923 -0.5389929532
1711087190637 0.9778619968 -0.2090097836 0.0100411950 -0.2354230842 0.2090728668 0.9778834739 -0.0056963066 0.0286114743 -0.0086285349 0.0076695432 0.9999333610 -0.5645764605
1711087190708 0.9743134506 -0.2248554828 0.0123819144 -0.2544300785 0.2249795267 0.9743148546 -0.0097353298 0.0308080257 -0.0098748408 0.0122709400 0.9998759481 -0.5920208123
1711087190743 0.9698652553 -0.2418127956 0.0297986317 -0.2711337117 0.2426421643 0.9697025897 -0.0283137351 0.0341393329 -0.0220491868 0.0346909124 0.9991548298 -0.6147995317
1711087190817 0.9654193664 -0.2588935111 0.0306528467 -0.2870021343 0.2598079774 0.9651639001 -0.0309590192 0.0383480807 -0.0215699319 0.0378522908 0.9990505203 -0.6357572632
1711087190888 0.9608000037 -0.2757412420 0.0288118090 -0.3018391257 0.2766307018 0.9603888596 -0.0335960280 0.0422289513 -0.0184067299 0.0402492948 0.9990201132 -0.6583004124
1711087190922 0.9569010532 -0.2891489105 0.0270791784 -0.3162580149 0.2898720727 0.9566482687 -0.0282536989 0.0473122448 -0.0177357229 0.0348854918 0.9992339299 -0.6806704174
1711087190996 0.9534455143 -0.3004506144 0.0259052045 -0.3297828201 0.3011451210 0.9531307851 -0.0292116862 0.0529801660 -0.0159143788 0.0356529771 0.9992375082 -0.7027524588
1711087191068 0.9499492228 -0.3113505246 0.0256383479 -0.3420868749 0.3120036034 0.9496858391 -0.0273963206 0.0596888071 -0.0158185171 0.0340243704 0.9992958104 -0.7243172280
1711087191102 0.9463869570 -0.3218857441 0.0272267397 -0.3531373896 0.3225373382 0.9462436684 -0.0243430787 0.0665127196 -0.0179274400 0.0318196123 0.9993328370 -0.7468426848
1711087191176 0.9431141033 -0.3314049612 0.0265808161 -0.3628939913 0.3319539762 0.9430875271 -0.0198109550 0.0738130001 -0.0185025874 0.0275075986 0.9994503421 -0.7672131632
1711087191248 0.9404407752 -0.3395643829 0.0163455887 -0.3723313851 0.3398552301 0.9402499936 -0.0206971525 0.0818017316 -0.0083409238 0.0250195799 0.9996521643 -0.7882003360
1711087191282 0.9384647876 -0.3451822907 0.0115338044 -0.3812785243 0.3453595471 0.9382147519 -0.0219057646 0.0910144325 -0.0032597034 0.0245410981 0.9996935074 -0.8087519705
1711087191356 0.9352745901 -0.3537269412 0.0117767626 -0.3887872144 0.3538904658 0.9351216128 -0.0175814531 0.1011360137 -0.0047936716 0.0206111703 0.9997760751 -0.8279828659
1711087191427 0.9324709068 -0.3611291318 0.0091519497 -0.3949365012 0.3612351058 0.9323341380 -0.0161942404 0.1126165772 -0.0026844632 0.0184066636 0.9998269792 -0.8449864357
1711087191461 0.9296757906 -0.3682921271 0.0079895826 -0.4003759781 0.3683775308 0.9295104077 -0.0175612289 0.1248676973 -0.0009587378 0.0192694321 0.9998138676 -0.8629108613
1711087191536 0.9273922393 -0.3739485999 0.0102994742 -0.4053826697 0.3740726689 0.9272648508 -0.0157966739 0.1379533988 -0.0036431963 0.0185024646 0.9998221772 -0.8802239509
1711087191607 0.9261367047 -0.3771329392 0.0064459514 -0.4101648359 0.3771845009 0.9259189656 -0.0201474910 0.1524729990 0.0016298539 0.0210906439 0.9997762391 -0.8970254860
1711087191641 0.9241141321 -0.3821122006 0.0018267480 -0.4147624924 0.3820542127 0.9238664146 -0.0224816948 0.1679557469 0.0069028587 0.0214735687 0.9997455858 -0.9140866473
1711087191715 0.9225292235 -0.3859056016 -0.0040863679 -0.4190607158 0.3856520190 0.9222194695 -0.0279958974 0.1849890793 0.0145723017 0.0242511174 0.9995996855 -0.9294418054
1711087191787 0.9202496821 -0.3912093184 -0.0097873301 -0.4219675904 0.3906205008 0.9197970232 -0.0372701017 0.2029409683 0.0235827682 0.0304746675 0.9992572980 -0.9434379135
1711087191821 0.9173765046 -0.3973901604 -0.0223921686 -0.4227752796 0.3962702152 0.9171660268 -0.0421473106 0.2204899422 0.0372862629 0.0297916030 0.9988604482 -0.9583940187
1711087191895 0.9155623298 -0.4007384804 -0.0339748528 -0.4221709053 0.3992418290 0.9158195143 -0.0433656462 0.2384770999 0.0484931164 0.0261397697 0.9984814120 -0.9750788892
1711087191966 0.9152910911 -0.4018278321 -0.0278677557 -0.4218947427 0.4001683748 0.9150333269 -0.0507866373 0.2582373887 0.0459074096 0.0353327622 0.9983206427 -0.9897362061
1711087192001 0.9134721599 -0.4062048817 -0.0237951093 -0.4212573307 0.4044952872 0.9128668419 -0.0552963983 0.2790701976 0.0441834332 0.0408867108 0.9981864060 -1.0044847220
1711087192075 0.9108310732 -0.4121831753 -0.0221762527 -0.4191993290 0.4104488873 0.9100815440 -0.0573000365 0.3023587228 0.0438003092 0.0430884355 0.9981106750 -1.0192660161
1711087192146 0.9052669437 -0.4240859493 -0.0253548454 -0.4157054844 0.4224381982 0.9048790671 -0.0523435064 0.3264726394 0.0451412144 0.0366739909 0.9983072118 -1.0349086425
1711087192180 0.9000178570 -0.4352203937 -0.0234747955 -0.4100149948 0.4338358421 0.8997279431 -0.0477083907 0.3522122855 0.0418845941 0.0327541959 0.9985854212 -1.0499799385
1711087192254 0.8942842658 -0.4471827551 -0.0168295987 -0.4023629539 0.4460687761 0.8937995412 -0.0463144379 0.3797130236 0.0357533055 0.0339111146 0.9987851308 -1.0638886360
1711087192326 0.8873745495 -0.4609051089 -0.0115277695 -0.3920651675 0.4599693585 0.8867296393 -0.0462464714 0.4065275068 0.0315372498 0.0357355210 0.9988635414 -1.0775910498
1711087192360 0.8824928899 -0.4702605106 -0.0078327121 -0.3799447038 0.4693117949 0.8815612142 -0.0509535550 0.4333878511 0.0308664600 0.0412901658 0.9986703079 -1.0910884827
1711087192434 0.8774761053 -0.4795532756 -0.0080212467 -0.3669154634 0.4785823716 0.8765543260 -0.0511021247 0.4604352995 0.0315372498 0.0410020661 0.9986612201 -1.1052429548
1711087192506 0.8737181021 -0.4863784494 -0.0072582381 -0.3540539779 0.4855930733 0.8729893355 -0.0457054399 0.4881581996 0.0285665055 0.0364091201 0.9989285914 -1.1209342341
1711087192540 0.8711383846 -0.4909710377 -0.0080842394 -0.3418010772 0.4904094691 0.8707385947 -0.0362333044 0.5175610814 0.0248287623 0.0275996347 0.9993106588 -1.1382644964
1711087192614 0.8681219446 -0.4962900412 -0.0077771647 -0.3301650875 0.4958609912 0.8678545374 -0.0308282212 0.5487649182 0.0220491868 0.0229062628 0.9994944404 -1.1572431768
1711087192685 0.8639556052 -0.5034932718 -0.0086739582 -0.3194746067 0.5031954864 0.8638508515 -0.0235798398 0.5765356021 0.0193652969 0.0160072381 0.9996843270 -1.1737304697
1711087192719 0.8623290169 -0.5060365432 -0.0177674847 -0.3124404390 0.5056863999 0.8624649877 -0.0208664801 0.6012328085 0.0258830349 0.0090089959 0.9996243827 -1.1909241032
1711087192794 0.8624913014 -0.5059325651 -0.0118741134 -0.3091232355 0.5054482434 0.8623557627 -0.0294042821 0.6236906348 0.0251162940 0.0193591878 0.9994970703 -1.2089934261
1711087192865 0.8626338954 -0.5057633610 -0.0081354247 -0.3105978760 0.5053096183 0.8623655531 -0.0314299614 0.6458032104 0.0229118329 0.0230016417 0.9994728472 -1.2274827026
1711087192899 0.8598520575 -0.5105341712 -0.0030494562 -0.3151926735 0.5103460745 0.8596705949 -0.0226572852 0.6663975337 0.0141888462 0.0179256353 0.9997386400 -1.2451479466
1711087192973 0.8576706096 -0.5141975940 -0.0013998704 -0.3231932106 0.5141797554 0.8576583559 -0.0064283513 0.6878916135 0.0045060533 0.0047936229 0.9999783581 -1.2620938550
1711087193045 0.8520035622 -0.5235331992 -0.0017086013 -0.3331355778 0.5235252335 0.8519606064 0.0091899381 0.7085623973 -0.0033555767 -0.0087243559 0.9999563119 -1.2797522493
1711087193079 0.8462334605 -0.5327319225 -0.0092536000 -0.3466765564 0.5326941987 0.8455526789 0.0357429407 0.7260716406 -0.0112169993 -0.0351762114 0.9993181741 -1.2998759758
1711087193153 0.8403603828 -0.5419991673 -0.0055972925 -0.3638888598 0.5414546990 0.8389518127 0.0546503886 0.7414773146 -0.0249246064 -0.0489567019 0.9984898624 -1.3181548131
1711087193224 0.8376672236 -0.5455932322 -0.0253307636 -0.3853130068 0.5459915949 0.8352546749 0.0651368287 0.7538979733 -0.0143805742 -0.0683933704 0.9975547834 -1.3352782895
1711087193259 0.8363212415 -0.5481965534 -0.0068789430 -0.4076751752 0.5469440471 0.8334169436 0.0791732746 0.7652137833 -0.0376694886 -0.0699766882 0.9968371345 -1.3527947899
1711087193333 0.8327461086 -0.5535945211 0.0081868631 -0.4305614646 0.5508969083 0.8299811678 0.0874291567 0.7752327734 -0.0551952443 -0.0682961725 0.9961370979 -1.3697138580
1711087193404 0.8337463498 -0.5512128534 0.0321156419 -0.4541629142 0.5477742637 0.8330484224 0.0772895976 0.7861523260 -0.0693569044 -0.0468477978 0.9964912963 -1.3836402276
1711087193438 0.8364466230 -0.5466258206 0.0394621241 -0.4772377377 0.5432555973 0.8364814218 0.0719179177 0.7961592135 -0.0723215245 -0.0387174795 0.9966295971 -1.4013278205
1711087193512 0.8416943032 -0.5358790935 0.0662140250 -0.5007602526 0.5335624881 0.8442659243 0.0502605243 0.8057184775 -0.0828358092 -0.0069746770 0.9965388013 -1.4152766651
1711087193584 0.8438893688 -0.5311777663 0.0755043957 -0.5264535010 0.5297512035 0.8472340092 0.0394739906 0.8166818304 -0.0849375980 0.0066868634 0.9963638343 -1.4283668676
1711087193618 0.8437415302 -0.5323808247 0.0683438926 -0.5518321681 0.5312385111 0.8464807375 0.0354401652 0.8267549167 -0.0767194530 0.0064045685 0.9970321495 -1.4416860208
1711087193692 0.8454992737 -0.5311144207 0.0552127720 -0.5777121386 0.5303099095 0.8472891664 0.0295375757 0.8357240163 -0.0624690160 0.0043058813 0.9980376152 -1.4546808397
1711087193763 0.8447400815 -0.5325255625 0.0532045098 -0.6039070463 0.5316410601 0.8464108050 0.0307657670 0.8443434580 -0.0614164294 0.0022966254 0.9981095870 -1.4675897046
1711087193798 0.8419247510 -0.5372636705 0.0501045109 -0.6306665777 0.5363147871 0.8434143397 0.0319170924 0.8532840550 -0.0594067572 0.0000000000 0.9982338590 -1.4807007999
1711087193872 0.8370767153 -0.5451505512 0.0459722658 -0.6577478740 0.5442355412 0.8383369339 0.0316047607 0.8624564979 -0.0557696011 -0.0014358683 0.9984426322 -1.4940657424
1711087193943 0.8318086691 -0.5536172818 0.0400280314 -0.6854702596 0.5525726621 0.8327442527 0.0346476927 0.8724323748 -0.0525146746 -0.0067018553 0.9985976638 -1.5076620113
1711087193977 0.8312950114 -0.5548435942 0.0331238583 -0.7134119909 0.5539561458 0.8319090270 0.0325570179 0.8825529614 -0.0456200896 -0.0087153217 0.9989208430 -1.5207262711
1711087194052 0.8351566651 -0.5494227184 0.0254562606 -0.7413852840 0.5487008458 0.8354667586 0.0303756002 0.8926292699 -0.0379569043 -0.0114005132 0.9992143422 -1.5337810893
1711087194123 0.8349173431 -0.5499059897 0.0227251548 -0.7695414062 0.5492314653 0.8351322464 0.0299821374 0.9030268237 -0.0354658665 -0.0125512364 0.9992920688 -1.5467162893
1711087194157 0.8357062714 -0.5487335007 0.0220584020 -0.7969602400 0.5482593408 0.8359576561 0.0242176054 0.9125830420 -0.0317289014 -0.0081450797 0.9994633232 -1.5615493100
1711087194231 0.8391122876 -0.5437082139 0.0164908129 -0.8245724348 0.5433869089 0.8392347765 0.0203876682 0.9229092273 -0.0249246064 -0.0081466511 0.9996561389 -1.5762069115
1711087194303 0.8385929571 -0.5446318299 0.0117482857 -0.8523080596 0.5444210007 0.8386375095 0.0171143722 0.9334610744 -0.0191735849 -0.0079559785 0.9997845148 -1.5906462666
1711087194337 0.8442410176 -0.5358352292 0.0117350495 -0.8801353770 0.5356308641 0.8442859853 0.0167556690 0.9438863449 -0.0188860156 -0.0078601684 0.9997907462 -1.6049696078
1711087194411 0.8436058598 -0.5368705730 0.0099569607 -0.9087506115 0.5367037251 0.8436297635 0.0154250937 0.9541759272 -0.0166812673 -0.0076687615 0.9998314485 -1.6191592298
1711087194483 0.8372438947 -0.5468199474 0.0032566665 -0.9379372582 0.5467455950 0.8372047760 0.0125466094 0.9643407630 -0.0095872330 -0.0087240041 0.9999159848 -1.6312616490
1711087194517 0.8265748978 -0.5628266877 0.0002407948 -0.9683190541 0.5627922383 0.8265288908 0.0107186331 0.9747411017 -0.0062317566 -0.0087242356 0.9999425248 -1.6438673670
1711087194591 0.8150230453 -0.5794284196 -0.0003771359 -0.9947524146 0.5793980522 0.8149733082 0.0107890742 0.9884687863 -0.0059441405 -0.0090118559 0.9999417251 -1.6565060689
1711087194662 0.8121849499 -0.5833990725 -0.0010626570 -1.0208529156 0.5833795501 0.8121398108 0.0098604380 1.0033752592 -0.0048895443 -0.0086284317 0.9999508201 -1.6689753840
1711087194697 0.8115169762 -0.5843258391 -0.0018737807 -1.0471668779 0.5843162590 0.8114742808 0.0091652073 1.0186372352 -0.0038349426 -0.0085326018 0.9999562430 -1.6813515780
1711087194770 0.8110704774 -0.5849436455 -0.0023690315 -1.0738036089 0.5849398865 0.8110300567 0.0086934628 1.0341730078 -0.0031638301 -0.0084367520 0.9999594049 -1.6936342154
1711087194842 0.8105663757 -0.5856411184 -0.0025750737 -1.1007459587 0.5856401799 0.8105285313 0.0083114166 1.0500030704 -0.0027803366 -0.0082450214 0.9999621440 -1.7058952317
1711087194876 0.8098364423 -0.5866489526 -0.0028183490 -1.1279571080 0.5866504266 0.8097993739 0.0081394732 1.0661251674 -0.0024927162 -0.0082450277 0.9999629023 -1.7180627671
1711087194950 0.8092738158 -0.5874247043 -0.0028474182 -1.1554572220 0.5874267155 0.8092377945 0.0080028659 1.0825216931 -0.0023968427 -0.0081491593 0.9999639225 -1.7301367311
1711087195021 0.8086542156 -0.5882768315 -0.0029545085 -1.1832851814 0.5882801180 0.8086195112 0.0078095356 1.0991765030 -0.0022050956 -0.0080532925 0.9999651404 -1.7420812305
1711087195056 0.8081464759 -0.5889740059 -0.0029822564 -1.2113924606 0.5889777795 0.8081128014 0.0076730408 1.1161807761 -0.0021092220 -0.0079574237 0.9999661147 -1.7539327078
1711087195130 0.8077513330 -0.5895152772 -0.0030857656 -1.2397746238 0.5895202349 0.8077189696 0.0074805631 1.1335198883 -0.0019174748 -0.0078615561 0.9999672591 -1.7657029931
1711087195201 0.8072425011 -0.5902117022 -0.0031130244 -1.2684193018 0.5902171008 0.8072111500 0.0073439228 1.1511117145 -0.0018216012 -0.0077656868 0.9999681874 -1.7773196496
1711087195236 0.8067895729 -0.5908306517 -0.0031186562 -1.2973117951 0.5908360744 0.8067582259 0.0073415329 1.1689963843 -0.0018216012 -0.0077656868 0.9999681874 -1.7888068536
1711087195310 0.8063363072 -0.5914489576 -0.0031448859 -1.3264984580 0.5914548010 0.8063059621 0.0072051319 1.1871516644 -0.0017257275 -0.0076698173 0.9999690974 -1.8001765429
1711087195381 0.8059393201 -0.5919893570 -0.0032269868 -1.3560030618 0.5919959087 0.8059092846 0.0071462645 1.2055447312 -0.0016298539 -0.0076698186 0.9999692583 -1.8114764247
1711087195415 0.8055419625 -0.5925298050 -0.0032522021 -1.3858096207 0.5925367444 0.8055129208 0.0070100626 1.2241696980 -0.0015339802 -0.0075739488 0.9999701407 -1.8226824768
1711087195489 0.8051442346 -0.5930699969 -0.0032772361 -1.4159211247 0.5930773080 0.8051161762 0.0068738299 1.2430668074 -0.0014381065 -0.0074780789 0.9999710047 -1.8336992767
1711087195561 0.8047461366 -0.5936096131 -0.0033590004 -1.4463395747 0.5936175992 0.8047184014 0.0068147182 1.2621734970 -0.0013422328 -0.0074780799 0.9999711379 -1.8446939024
1711087195595 0.8044045292 -0.5940727430 -0.0033059640 -1.4769800388 0.5940804254 0.8043774481 0.0067356661 1.2815358183 -0.0013422328 -0.0073822088 0.9999718503 -1.8555347723
1711087195669 0.8040627554 -0.5945347880 -0.0033869245 -1.5079091471 0.5945431287 0.8040359997 0.0066767637 1.3011187027 -0.0012463591 -0.0073822098 0.9999719744 -1.8662936634
1711087195740 0.8037206158 -0.5949975278 -0.0033337201 -1.5391828606 0.5950055617 0.8036945011 0.0065977611 1.3209370363 -0.0012463591 -0.0072863386 0.9999726776 -1.8769947712
1711087195775 0.8033783024 -0.5954595122 -0.0033574468 -1.5707344887 0.5954678661 0.8033531393 0.0064617336 1.3410371145 -0.0011504853 -0.0071904682 0.9999734864 -1.8876501304
1711087195849 0.8030927613 -0.5958445464 -0.0033605439 -1.6025668468 0.5958529123 0.8030676022 0.0064601234 1.3614024556 -0.0011504853 -0.0071904682 0.9999734864 -1.8981998281
1711087195920 0.8028071205 -0.5962288902 -0.0034406065 -1.6346411857 0.5962378846 0.8027822916 0.0064013496 1.3820166665 -0.0010546116 -0.0071904690 0.9999735921 -1.9086914886
1711087195954 0.8025212103 -0.5966139780 -0.0033864751 -1.6670569701 0.5966226570 0.8024969956 0.0063227611 1.4028931241 -0.0010546116 -0.0070945977 0.9999742769 -1.9190298117
1711087196029 0.8022923494 -0.5969216879 -0.0033888996 -1.6997254910 0.5969303761 0.8022681380 0.0063214620 1.4240525140 -0.0010546116 -0.0070945977 0.9999742769 -1.9292744442
1711087196100 0.8019488368 -0.5973834106 -0.0033352620 -1.7326673321 0.5973917902 0.8019252325 0.0062426279 1.4454019541 -0.0010546116 -0.0069987263 0.9999749525 -1.9394248555
1711087196134 0.8017196809 -0.5976912184 -0.0032803529 -1.7658811569 0.5976992898 0.8016966746 0.0061644867 1.4669394489 -0.0010546116 -0.0069028549 0.9999756189 -1.9494810154
1711087196208 0.8014904845 -0.5979980908 -0.0033595568 -1.7994550311 0.5980067592 0.8014677997 0.0061058964 1.4886588394 -0.0009587378 -0.0069028556 0.9999757154 -1.9594551585
1711087196280 0.8012037265 -0.5983825405 -0.0033051142 -1.8333277367 0.5983909002 0.8011816274 0.0060274730 1.5106178306 -0.0009587378 -0.0068069840 0.9999763726 -1.9693354492
1711087196314 0.8010315834 -0.5986129528 -0.0033068477 -1.8674946028 0.5986213188 0.8010094867 0.0060265221 1.5327900106 -0.0009587378 -0.0068069840 0.9999763726 -1.9791217132
1711087196388 0.8008019561 -0.5989200920 -0.0033091586 -1.9019605004 0.5989284665 0.8007798626 0.0060252535 1.5552016627 -0.0009587378 -0.0068069840 0.9999763726 -1.9888021622
1711087196459 0.8005722110 -0.5992274579 -0.0032540188 -1.9367504307 0.5992355261 0.8005506946 0.0059472322 1.5778460234 -0.0009587378 -0.0067111125 0.9999770206 -1.9983768182
1711087196494 0.8003424181 -0.5995339062 -0.0033330294 -1.9717876816 0.5995425500 0.8003212206 0.0058885047 1.6006764745 -0.0008628641 -0.0067111131 0.9999771080 -2.0077733860
